# Created by Octave 3.4.3, Wed Dec 12 16:15:32 2012 CET <hartes@homer.intern.robart.cc>
# name: map
# type: matrix
# rows: 4
# columns: 99
 384.6036806784564 558.1534323025807 432.7903535882154 305.844653983734 507.3770600094004 473.550712524548 527.831033471662 513.5142720186831 546.397147310114 554.3088017429656 510.5537317535869 567.9512033026327 557.1344968429075 543.4202362406511 612.5137141902067 510.299541079736 510.5635184091335 549.774746848649 727.1332425317858 726.8242492133685 783.0560273133347 713.4236592141082 780.424848041244 713.0572139134437 774.05061478017 762.8606493292664 714.1061821264792 614.5152397594803 566.9942849748958 579.0775356854284 579.0775356854284 494.6093233440577 494.6093233440576 540.0087193335448 567.3736576386746 544.6695243183339 542.696500192098 510.7315616130841 513.8841815856742 497.6051694678786 690.3526699532666 622.1062180121343 675.0327102297075 525.7137934079209 622.8789575471117 670.4761119840583 690.0098395953753 779.5153987289103 779.5153987289103 576.4567064463762 434.6810808506141 516.3375240051188 585.0513735920433 556.432802289335 545.7116428456893 541.9453758717576 371.1561114339952 428.2634768810084 429.2927196528119 428.6161231843309 423.7483609844005 422.1583490724388 372.7958163096051 344.7584339073424 300.3830655599942 303.1442194810842 300.888740788541 104.7263084843763 240.5402691984147 248.4619368881137 300.8116168742883 290.1268087524315 245.1177645536696 128.8029504300927 125.7918909791478 240.5402691984147 209.2101459500676 232.0389154342774 232.0389154342774 262.2437316859542 294.3670487114013 301.9793754857412 580.6002643775789 384.779386944636 433.1762374776895 508.0635055773532 225.0320760388888 285.8586952325883 460.4904956659428 271.5803726379135 277.2731665726759 463.2661593168933 476.8988209384457 524.2661882211844 524.7772844930411 540.0087193335448 451.1056142390551 473.2668255583765 401.3790479571645
 305.844653983734 473.1867412707252 430.9958344579231 299.98599665058 434.5866283688352 473.1867412707253 513.5142720186832 523.2350392101062 535.2565906338261 486.4053330284939 436.2098933670035 600.9911463647805 543.4202362406511 527.5140610972048 612.8806062491593 510.6145721839024 510.5446125786794 515.5249017436261 726.0220080699386 726.4091316351468 780.424848041244 651.7698595060898 727.1332425317858 713.4236592141082 713.0572139134435 750.751470699264 713.5380829253444 639.1660841390517 544.9301294343629 553.2779593520874 575.4245421151293 299.9859966505799 494.6639301332996 494.6639301332996 538.6782789136386 513.9706289711123 510.7352850771935 435.6075133672382 513.9706289711123 484.3294116408496 687.5737678043504 295.3111207757157 622.8789575471117 523.7610693338145 622.1062180121341 669.3444901762437 693.718832142705 726.4091316351468 777.4614194977753 546.5942401612477 434.5169561111774 426.8537509130214 580.600264377579 556.432802289335 544.1257723029073 542.1350103314754 308.0885943719383 372.4834547835561 427.9878156116343 428.1498578789668 430.1782284780973 428.1364984428939 336.592958285082 381.2079141595417 329.9363042830726 318.3934039285255 305.568084588004 98.30177550824386 259.6645705998205 103.3323493188156 255.9672456664811 280.6246185423528 104.7263084843764 139.9365756172749 124.7154563681022 226.9628538282955 228.4815804621705 232.0389154342774 232.735787587297 248.5801608330264 279.2864694825274 288.9748721243852 473.5507125245479 384.6036806784564 433.3699654654908 438.1131370862045 218.5536692327704 218.5536692327705 286.6115130266332 253.849820602533 271.5803726379132 341.4544527638531 475.2865596585532 524.0277278627877 481.8426127575192 531.2950392457954 437.2198169035431 440.5726353933176 298.5415193844223
 337.2684248896161 338.1585684168443 473.7075077094488 336.994932361283 467.0919228329668 311.9876356379909 364.050801340053 378.8167126989282 345.3680211280605 340.7021575132741 465.8226154183311 361.4438021142062 361.5407344175542 370.0360071648611 375.9109714230772 472.4366656588816 460.143534276122 538.1868183509407 517.8220458140812 574.4628896065395 352.5661584688262 393.7938765781125 518.7659034463894 341.4940402194171 340.1241250413712 370.3829861586461 360.5514879699471 396.1908314013508 552.8996806007361 583.6202394344328 583.6202394344327 675.4360778420963 675.4360778420962 735.0718716806551 598.5601445563511 589.8718394205754 590.8051122529079 590.2267578177856 590.9385749498933 591.8387685218023 751.9899784961012 900.2841160470402 850.7090555373952 761.7533926610153 848.8194145184642 733.9532496042594 710.9274255922298 621.266356726768 621.266356726768 596.4656044497158 458.6817312712885 151.6223879361879 193.225888204213 314.2401025529557 167.0766519764717 161.5517005589621 139.4278909760236 101.859863841135 107.4441937751934 108.7935945632074 155.4840879341039 154.6991177713111 308.3868161359742 266.0822189039649 246.4716953929307 246.2589013236387 249.3578501865535 94.90773126587692 261.7754909972206 308.7931091911022 307.8856779249561 252.8612849597885 99.77671213712664 208.7463976038444 259.3601021247748 261.7754909972206 125.5874875280853 122.3265272036378 122.3265272036379 146.7882056911502 150.3967281467817 129.4521283934512 314.8968959437464 308.6775395435789 585.3568315203435 592.2611470920522 692.0570219285767 887.7807571828788 700.6739148730496 726.9418160295475 726.5359280068659 695.0099439030135 724.0792885433139 787.2051874433306 787.2090835820828 735.0718716806551 589.7641899219441 589.4630455986096 675.0130975447132
 336.994932361283 337.3702178848985 583.0061958828297 676.5182230286247 466.056548596627 337.3702178848985 378.8167126989282 389.47622328225 361.7415381354273 337.4928645799417 464.0705546566738 388.7374933024461 370.0360071648611 383.3520984860791 394.0904890188579 575.0117906336524 471.1143653939984 519.9276522648847 570.7031544568058 619.0103986929149 518.7659034463894 393.9342328620072 517.8220458140813 393.7938765781126 341.4940402194171 375.8360643595464 393.7936160899192 444.2450216231869 548.200436015884 578.8877508997656 601.5245100026077 676.5182230286248 712.6784843372428 712.6784843372427 592.4562106959083 594.2731822740179 596.9871849676033 591.505597267456 594.2731822740179 590.676202592515 860.451408809171 888.2678902918423 848.8194145184641 814.8313075583372 900.2841160470402 755.7475046594365 733.8074512058847 619.0103986929149 694.6503042939131 593.4750735623282 471.4965345365809 148.9403318758152 314.8968959437464 314.2401025529557 214.4749016523835 170.1325872907738 138.5735582549321 100.8949305440244 146.5506021115614 146.2091425548136 141.9349088187595 142.0947560659043 279.6793335845599 295.3029909296945 273.0865060839015 261.0871282651885 253.700358319189 212.4481048704411 291.4318108903514 306.8105433595931 308.7963408193362 263.3691437476417 94.90773126587692 245.5548834463587 293.9565687295324 273.445397791282 138.5068181961568 122.3265272036378 130.4657385244777 142.7459824303662 147.0926669532566 131.7780942224129 311.9876356379909 337.2684248896161 597.7399783297426 593.3750099961792 885.1969961411681 885.196996141168 691.7804681438033 717.1180903104189 726.9418160295473 693.5214179895942 790.5425536083252 807.5831361985586 786.8817882219428 752.7068314669785 588.8648594787625 589.9073204910042 676.7997575980378



